(0.553672590788245, -0.5376783950284882, 0.669035017759068)
(0.5536054343967136, -0.5256564314646395, 0.6594194192406834)
(0.5537385347547076, -0.5262016768863018, 0.6594293522555509)
(0.5506979484457879, 0.605798644461762, 0.7262114014227434)
(0.5551358201791323, -0.5288338304548853, 0.6626835455790507)
(0.5504676881127647, 0.5858126043061815, 0.7061170049620031)
(0.5561765479070727, -0.5310937458909959, 0.6649673733907486)
(0.5502752850507224, 0.5972610877249958, 0.7163192521573403)
(0.557662750262355, -0.5289724361851846, 0.6643393385761336)
(0.5499656663490291, 0.6006029560071365, 0.7188007319150868)
(0.558842860510232, -0.5311515114538526, 0.6666462389798562)
(0.5579933769507297, -0.5230752589438357, 0.6594600824169083)
(0.6567697275598067, -0.49116228703861575, 0.7199554071208215)
(0.9984689285014223, 0.0457704777949573, 1.0447381193398195)
(0.9893282402342403, -0.08457828386953146, 1.0181091366414825)
(0.5515019810104299, 0.6091555275710882, 0.723317621095332)
(0.5667250005631161, -0.5231763708648427, 0.6629539985557528)
(0.5667849184752375, -0.518933470641772, 0.6594501774305885)
(0.5667474942861845, -0.5189716193918965, 0.6594081164766485)
(0.5544697600814459, 0.613103166357756, 0.7289355024466253)
(0.5661726484727616, -0.5242633701862003, 0.6623751411522378)
(0.5541830651645894, 0.6058970504034897, 0.7209334257637948)
(0.5672489843657124, -0.5272253308567894, 0.6653012631390782)
(0.5543101825857708, 0.6023558054157978, 0.717107053060958)
(0.5684239743323591, -0.5318442196042612, 0.6695357792559695)
(0.5681309559118387, -0.5193091543316138, 0.6594063157110144)
(0.5681363955435754, -0.5192935313331798, 0.6594177891512367)
(0.5539650923081593, 0.6107892237674086, 0.7246689273086995)
(0.5691575169498215, -0.5220551786156822, 0.6624385566963457)
(0.5540188503592434, 0.6026595677181754, 0.7162238434891741)
(0.5703621287729281, -0.5225954719445004, 0.6636146350750148)
(0.5699571781000865, -0.5180291732622762, 0.6594178587924044)
(0.5702392149888984, -0.517856908667242, 0.6594054965798813)
(0.5529559795672869, 0.6164895628086005, 0.7284605120055384)
(0.5716686640466744, -0.5210755510749163, 0.663165510518651)
(0.5532132331805508, 0.6093403965948553, 0.7210045953907404)
(0.573811537435091, -0.5410259525166321, 0.6798711709902967)
(0.5532333279617692, 0.6082500588497173, 0.7194222986673552)
(0.5729236301548623, -0.5207970399740804, 0.6633489489438664)
(0.5538016089819702, 0.5974910187028566, 0.709199076278785)
(0.5735426197026621, -0.5203050774860121, 0.6631510254124717)
(0.5534710631408126, 0.6079825660506586, 0.7185104047217433)
(0.5743721443179184, -0.5200674384017266, 0.6633927764358996)
(0.5743668257024068, -0.5153002200030657, 0.6594503658889794)
(0.5768340059103322, -0.5133778832384646, 0.6594008759126235)
(0.5513104354136611, 0.618219227810078, 0.7262078590982035)
(0.5778177746132482, -0.5160890598500931, 0.6623582257853827)
(0.5511444371970465, 0.6135227050272285, 0.7207698438730243)
(0.5789962223701988, -0.5158906465757913, 0.6629131340840175)
(0.5514249663624637, 0.6089549216965058, 0.7160308521146383)
(0.5796323056577644, -0.516123784158623, 0.6632971839631409)
(0.5509500407975791, 0.6135199786785863, 0.7196046173034346)
(0.5820358223964782, -0.5249927094579045, 0.671505115909135)
(0.5510804760656787, 0.6094011130948722, 0.7152382315274075)
(0.5822408898958765, -0.515501414437106, 0.664467935115862)
(0.5816029361210222, -0.5100636754123242, 0.6594531957709004)
(0.58727025441606, -0.5048037083439214, 0.6594107493747787)
(0.5456464540582394, 0.6222850669781583, 0.7224093615630464)
(0.5883520633803392, -0.5072820527824079, 0.6622247034037603)
(0.588431729198474, -0.5039394623786047, 0.6594985132007632)
